752 - 668.190002 -787.416992 -1534.930054
751 - -2098.020020 -787.416992 -1534.930054
750 - -2098.090088 -787.416992 -648.890991
750 - -2098.090088 -787.416992 -648.890991
753 - 667.991028 -787.416992 -648.892029
752 - 668.190002 -787.416992 -1534.930054
756 - -2098.739990 -787.416992 1750.689941
755 - 667.718018 -787.416992 1750.699951
754 - 667.841980 -787.416992 754.517029
754 - 667.841980 -787.416992 754.517029
757 - -2098.439941 -787.416992 754.513000
756 - -2098.739990 -787.416992 1750.689941
760 - 2327.639893 -787.416992 -648.892029
759 - 2559.840088 -787.416992 -648.892029
758 - 2560.149902 -787.416992 -1534.930054
758 - 2560.149902 -787.416992 -1534.930054
761 - 2327.909912 -787.416992 -1534.930054
760 - 2327.639893 -787.416992 -648.892029
751 - -2098.020020 -787.416992 -1534.930054
763 - -2438.469971 -787.416992 -1534.930054
762 - -2438.530029 -787.416992 -648.893005
762 - -2438.530029 -787.416992 -648.893005
750 - -2098.090088 -787.416992 -648.890991
751 - -2098.020020 -787.416992 -1534.930054
757 - -2098.439941 -787.416992 754.513000
765 - -2438.909912 -787.416992 754.515991
764 - -2439.229980 -787.416992 1750.689941
764 - -2439.229980 -787.416992 1750.689941
756 - -2098.739990 -787.416992 1750.689941
757 - -2098.439941 -787.416992 754.513000
768 - 2327.590088 -787.416992 1750.699951
767 - 2559.820068 -787.416992 1750.699951
766 - 2559.820068 -787.416992 754.517029
766 - 2559.820068 -787.416992 754.517029
769 - 2327.610107 -787.416992 754.517029
768 - 2327.590088 -787.416992 1750.699951
772 - 2656.610107 -61.863098 1783.719971
771 - 2655.399902 -142.817993 1745.140015
770 - -2699.709961 -142.819000 1749.310059
770 - -2699.709961 -142.819000 1749.310059
773 - -2624.739990 -55.665699 1783.689941
772 - 2656.610107 -61.863098 1783.719971
771 - 2655.399902 -142.817993 1745.140015
775 - 2655.399902 -260.286987 1745.140015
774 - -2702.610107 -260.286987 1749.310059
774 - -2702.610107 -260.286987 1749.310059
770 - -2699.709961 -142.819000 1749.310059
771 - 2655.399902 -142.817993 1745.140015
774 - -2702.610107 -260.286987 1749.310059
775 - 2655.399902 -260.286987 1745.140015
776 - 2655.399902 -289.790009 1784.560059
776 - 2655.399902 -289.790009 1784.560059
777 - -2703.199951 -292.563995 1783.689941
774 - -2702.610107 -260.286987 1749.310059
780 - 2656.570068 -30.179701 -1621.040039
779 - -2697.350098 -23.982100 -1621.000000
778 - -2699.719971 -142.819000 -1586.619995
778 - -2699.719971 -142.819000 -1586.619995
781 - 2655.389893 -142.817993 -1582.459961
780 - 2656.570068 -30.179701 -1621.040039
781 - 2655.389893 -142.817993 -1582.459961
778 - -2699.719971 -142.819000 -1586.619995
782 - -2702.620117 -260.286987 -1586.619995
782 - -2702.620117 -260.286987 -1586.619995
783 - 2655.389893 -260.286987 -1582.459961
781 - 2655.389893 -142.817993 -1582.459961
782 - -2702.620117 -260.286987 -1586.619995
785 - -2703.209961 -292.563995 -1621.000000
784 - 2655.379883 -289.790009 -1620.569946
784 - 2655.379883 -289.790009 -1620.569946
783 - 2655.389893 -260.286987 -1582.459961
782 - -2702.620117 -260.286987 -1586.619995
786 - 1774.420044 -787.416992 -648.892029
760 - 2327.639893 -787.416992 -648.892029
761 - 2327.909912 -787.416992 -1534.930054
761 - 2327.909912 -787.416992 -1534.930054
787 - 1774.670044 -787.416992 -1534.930054
786 - 1774.420044 -787.416992 -648.892029
788 - 1221.209961 -787.416992 -648.890991
786 - 1774.420044 -787.416992 -648.892029
787 - 1774.670044 -787.416992 -1534.930054
787 - 1774.670044 -787.416992 -1534.930054
789 - 1221.430054 -787.416992 -1534.930054
788 - 1221.209961 -787.416992 -648.890991
789 - 1221.430054 -787.416992 -1534.930054
752 - 668.190002 -787.416992 -1534.930054
753 - 667.991028 -787.416992 -648.892029
753 - 667.991028 -787.416992 -648.892029
788 - 1221.209961 -787.416992 -648.890991
789 - 1221.430054 -787.416992 -1534.930054
790 - 1774.300049 -787.416992 1750.699951
768 - 2327.590088 -787.416992 1750.699951
769 - 2327.610107 -787.416992 754.517029
769 - 2327.610107 -787.416992 754.517029
791 - 1774.359985 -787.416992 754.517029
790 - 1774.300049 -787.416992 1750.699951
792 - 1221.010010 -787.416992 1750.689941
790 - 1774.300049 -787.416992 1750.699951
791 - 1774.359985 -787.416992 754.517029
791 - 1774.359985 -787.416992 754.517029
793 - 1221.099976 -787.416992 754.513000
792 - 1221.010010 -787.416992 1750.689941
755 - 667.718018 -787.416992 1750.699951
792 - 1221.010010 -787.416992 1750.689941
793 - 1221.099976 -787.416992 754.513000
793 - 1221.099976 -787.416992 754.513000
754 - 667.841980 -787.416992 754.517029
755 - 667.718018 -787.416992 1750.699951
796 - 2672.439941 -787.416992 -371.157990
795 - 2537.719971 -787.416992 -371.157990
794 - 2537.719971 -787.416992 479.946991
794 - 2537.719971 -787.416992 479.946991
797 - 2672.439941 -787.416992 479.946991
796 - 2672.439941 -787.416992 -371.157990
800 - 2682.679932 -438.139008 -371.157990
799 - 2636.800049 -287.016998 -371.158997
798 - 2636.800049 -531.890991 -371.158997
800 - 2682.679932 -438.139008 -371.157990
798 - 2636.800049 -531.890991 -371.158997
801 - 2537.719971 -787.416992 -371.157990
802 - 2672.439941 -787.416992 -371.157990
800 - 2682.679932 -438.139008 -371.157990
801 - 2537.719971 -787.416992 -371.157990
805 - 2672.439941 -787.416992 479.946991
804 - 2537.719971 -787.416992 479.946991
803 - 2636.800049 -531.890991 479.946991
806 - 2682.679932 -438.139008 479.946991
805 - 2672.439941 -787.416992 479.946991
803 - 2636.800049 -531.890991 479.946991
806 - 2682.679932 -438.139008 479.946991
803 - 2636.800049 -531.890991 479.946991
807 - 2636.800049 -287.016998 479.946991
810 - 2637.050049 -175.095993 -570.554016
809 - 2637.050049 -175.095993 -1712.420044
808 - 2570.479980 -260.286987 -1712.420044
808 - 2570.479980 -260.286987 -1712.420044
811 - 2570.479980 -260.286987 -539.431030
810 - 2637.050049 -175.095993 -570.554016
814 - 2636.929932 -50.791000 -1712.420044
813 - 2598.469971 -142.819000 -1712.420044
812 - 2598.469971 -142.819000 -576.726990
812 - 2598.469971 -142.819000 -576.726990
815 - 2634.639893 -51.518902 -599.030029
814 - 2636.929932 -50.791000 -1712.420044
817 - 2570.479980 -260.286987 -539.431030
808 - 2570.479980 -260.286987 -1712.420044
816 - 2636.929932 -289.790985 -1712.420044
816 - 2636.929932 -289.790985 -1712.420044
818 - 2637.050049 -292.563995 -526.932007
817 - 2570.479980 -260.286987 -539.431030
812 - 2598.469971 -142.819000 -576.726990
813 - 2598.469971 -142.819000 -1712.420044
819 - 2637.050049 -175.095993 -1712.420044
819 - 2637.050049 -175.095993 -1712.420044
820 - 2637.050049 -175.095993 -570.554016
812 - 2598.469971 -142.819000 -576.726990
823 - 2607.189941 191.500000 -388.174011
822 - 2540.620117 106.308998 -373.080994
821 - 2540.620117 110.737000 475.479004
821 - 2540.620117 110.737000 475.479004
824 - 2607.189941 195.927994 497.688995
823 - 2607.189941 191.500000 -388.174011
827 - 2568.610107 228.205002 507.446991
826 - 2601.159912 316.479004 528.747986
825 - 2604.179932 314.572998 -412.024994
825 - 2604.179932 314.572998 -412.024994
828 - 2568.610107 223.776993 -393.488007
827 - 2568.610107 228.205002 507.446991
821 - 2540.620117 110.737000 475.479004
822 - 2540.620117 106.308998 -373.080994
829 - 2607.189941 74.031898 -361.765991
829 - 2607.189941 74.031898 -361.765991
830 - 2607.189941 78.460197 465.691986
821 - 2540.620117 110.737000 475.479004
827 - 2568.610107 228.205002 507.446991
828 - 2568.610107 223.776993 -393.488007
823 - 2607.189941 191.500000 -388.174011
823 - 2607.189941 191.500000 -388.174011
824 - 2607.189941 195.927994 497.688995
827 - 2568.610107 228.205002 507.446991
822 - 2540.620117 106.308998 -373.080994
823 - 2607.189941 191.500000 -388.174011
831 - 2637.050049 -175.095993 -570.554016
831 - 2637.050049 -175.095993 -570.554016
832 - 2570.479980 -260.286987 -539.431030
822 - 2540.620117 106.308998 -373.080994
824 - 2607.189941 195.927994 497.688995
821 - 2540.620117 110.737000 475.479004
833 - 2570.479980 -260.286987 652.289001
833 - 2570.479980 -260.286987 652.289001
834 - 2637.050049 -175.095993 682.156982
824 - 2607.189941 195.927994 497.688995
826 - 2601.159912 316.479004 528.747986
827 - 2568.610107 228.205002 507.446991
835 - 2598.469971 -142.819000 694.556030
835 - 2598.469971 -142.819000 694.556030
836 - 2630.419922 -55.049198 716.833984
826 - 2601.159912 316.479004 528.747986
828 - 2568.610107 223.776993 -393.488007
825 - 2604.179932 314.572998 -412.024994
837 - 2634.639893 -51.518902 -599.030029
837 - 2634.639893 -51.518902 -599.030029
838 - 2598.469971 -142.819000 -576.726990
828 - 2568.610107 223.776993 -393.488007
829 - 2607.189941 74.031898 -361.765991
822 - 2540.620117 106.308998 -373.080994
832 - 2570.479980 -260.286987 -539.431030
832 - 2570.479980 -260.286987 -539.431030
839 - 2637.050049 -292.563995 -526.932007
829 - 2607.189941 74.031898 -361.765991
821 - 2540.620117 110.737000 475.479004
830 - 2607.189941 78.460197 465.691986
840 - 2637.050049 -292.563995 641.111023
840 - 2637.050049 -292.563995 641.111023
833 - 2570.479980 -260.286987 652.289001
821 - 2540.620117 110.737000 475.479004
823 - 2607.189941 191.500000 -388.174011
828 - 2568.610107 223.776993 -393.488007
838 - 2598.469971 -142.819000 -576.726990
838 - 2598.469971 -142.819000 -576.726990
831 - 2637.050049 -175.095993 -570.554016
823 - 2607.189941 191.500000 -388.174011
827 - 2568.610107 228.205002 507.446991
824 - 2607.189941 195.927994 497.688995
834 - 2637.050049 -175.095993 682.156982
834 - 2637.050049 -175.095993 682.156982
835 - 2598.469971 -142.819000 694.556030
827 - 2568.610107 228.205002 507.446991
843 - 2598.469971 -142.819000 694.556030
842 - 2598.659912 -142.819000 1954.910034
841 - 2636.360107 -50.240700 1954.329956
841 - 2636.360107 -50.240700 1954.329956
844 - 2630.419922 -55.049198 716.833984
843 - 2598.469971 -142.819000 694.556030
845 - 2637.250000 -175.095993 1955.839966
842 - 2598.659912 -142.819000 1954.910034
843 - 2598.469971 -142.819000 694.556030
843 - 2598.469971 -142.819000 694.556030
846 - 2637.050049 -175.095993 682.156982
845 - 2637.250000 -175.095993 1955.839966
847 - 2570.669922 -260.286987 1956.319946
845 - 2637.250000 -175.095993 1955.839966
846 - 2637.050049 -175.095993 682.156982
846 - 2637.050049 -175.095993 682.156982
848 - 2570.479980 -260.286987 652.289001
847 - 2570.669922 -260.286987 1956.319946
849 - 2637.250000 -292.563995 1957.250000
847 - 2570.669922 -260.286987 1956.319946
848 - 2570.479980 -260.286987 652.289001
848 - 2570.479980 -260.286987 652.289001
850 - 2637.050049 -292.563995 641.111023
849 - 2637.250000 -292.563995 1957.250000
